$KSXT,20170704075621.20,117.25319180,31.71718710,25.6570,115.89,0.70,116.52,11.1,0.56,3,3,18,22,64.106,36.864,-15.185,9.853,-4.943,0.083,,,*51
$KSXT,20170704075621.39,117.25319760,31.71718460,25.6640,115.68,0.61,116.32,11.0,0.51,3,3,18,22,64.662,36.589,-15.178,10.004,-4.972,0.248,,,*5
$KSXT,20170704075621.60,117.25320350,31.71718220,25.6770,115.75,0.44,115.86,11.2,0.51,3,3,18,22,65.217,36.320,-15.165,10.040,-4.792,0.371,,,*53
$KSXT,20170704075621.79,117.25320930,31.71717970,25.6850,115.90,0.26,116.15,11.1,0.56,3,3,18,22,65.773,36.047,-15.157,10.030,-4.946,0.497,,,*7
$KSXT,20170704075622.00,117.25321510,31.71717720,25.6930,115.47,0.14,116.40,11.2,0.60,3,3,18,22,66.323,35.774,-15.149,9.961,-4.878,0.277,,,*13
$KSXT,20170704075622.20,117.25322100,31.71717480,25.6960,115.82,0.04,116.03,11.1,0.67,3,3,18,22,66.878,35.503,-15.146,10.030,-4.820,-0.079,,,*42
$KSXT,20170704075622.39,117.25322680,31.71717230,25.7080,115.49,-0.14,116.40,11.1,0.77,3,3,18,22,67.432,35.228,-15.134,9.814,-4.961,0.349,,,*24
$KSXT,20170704075622.60,117.25323280,31.71716980,25.6940,115.41,-0.36,115.79,11.0,0.91,3,3,18,22,67.995,34.956,-15.148,10.166,-4.903,-0.216,,,*2
$KSXT,20170704075622.79,117.25323870,31.71716740,25.7070,115.54,-0.35,116.03,11.3,1.03,3,3,18,22,68.556,34.682,-15.135,10.148,-4.792,-0.151,,,*56
$KSXT,20170704075623.00,117.25324460,31.71716490,25.7110,114.98,-0.36,116.15,11.2,1.01,3,3,17,20,69.114,34.408,-15.131,10.030,-4.889,-0.216,,,*2
$KSXT,20170704075623.20,117.25325050,31.71716250,25.7110,114.69,-0.15,115.70,11.2,0.88,3,3,18,20,69.675,34.138,-15.131,10.055,-4.936,0.119,,,*28
$KSXT,20170704075623.39,117.25325640,31.71716010,25.7070,114.82,0.00,114.79,11.2,0.90,3,3,18,20,70.238,33.878,-15.135,10.166,-4.871,0.630,,,*3
$KSXT,20170704075623.60,117.25326240,31.71715770,25.6850,114.98,-0.04,115.62,11.3,0.95,3,3,18,20,70.799,33.609,-15.157,10.123,-4.950,-0.205,,,*59
$KSXT,20170704075623.79,117.25326830,31.71715530,25.6970,114.92,-0.09,115.70,11.3,0.88,3,3,18,20,71.362,33.338,-15.145,10.213,-4.925,0.151,,,*36
$KSXT,20170704075624.00,117.25327420,31.71715300,25.6920,115.08,-0.11,114.68,11.3,0.85,3,3,18,20,71.917,33.083,-15.150,10.123,-4.741,0.234,,,*37
$KSXT,20170704075624.20,117.25327990,31.71715060,25.7000,115.02,-0.12,115.72,11.2,0.89,3,3,18,20,72.465,32.819,-15.142,9.720,-4.842,-0.385,,,*52
$KSXT,20170704075624.39,117.25328570,31.71714830,25.7070,114.88,0.01,115.04,10.9,0.84,3,3,17,20,73.013,32.563,-15.135,9.832,-4.550,-0.004,,,*16
$KSXT,20170704075624.60,117.25329150,31.71714590,25.7000,114.71,0.05,115.25,10.8,0.81,3,3,17,20,73.560,32.305,-15.142,9.904,-4.590,-0.151,,,*16
$KSXT,20170704075624.79,117.25329730,31.71714360,25.7140,114.63,0.14,115.23,10.9,0.84,3,3,17,20,74.114,32.044,-15.128,9.976,-4.795,0.414,,,*52
$KSXT,20170704075625.00,117.25330310,31.71714120,25.7110,114.81,0.13,115.46,11.1,0.82,3,3,17,20,74.660,31.784,-15.131,9.907,-4.651,-0.058,,,*27
$KSXT,20170704075625.20,117.25330900,31.71713890,25.7180,114.81,0.13,115.36,10.9,0.79,3,3,17,20,75.219,31.519,-15.124,10.076,-4.766,0.626,,,*15
$KSXT,20170704075625.39,117.25331490,31.71713650,25.7080,114.96,0.15,115.19,11.1,0.79,3,3,17,20,75.776,31.257,-15.134,9.994,-4.792,-0.194,,,*17
$KSXT,20170704075625.60,117.25332080,31.71713410,25.7070,114.98,0.12,115.49,11.1,0.80,3,3,17,20,76.336,30.990,-15.135,10.127,-4.792,-0.036,,,*40
$KSXT,20170704075625.79,117.25332670,31.71713170,25.7180,114.96,0.08,115.58,11.2,0.81,3,3,17,20,76.898,30.721,-15.124,10.109,-4.795,0.004,,,*13
$KSXT,20170704075626.00,117.25333270,31.71712920,25.7170,114.95,0.12,115.33,11.2,0.83,3,3,17,20,77.462,30.454,-15.125,10.156,-4.874,-0.086,,,*34
$KSXT,20170704075626.20,117.25333860,31.71712680,25.7130,114.98,0.07,115.54,11.3,0.80,3,3,17,20,78.027,30.184,-15.129,10.264,-4.766,-0.446,,,*45
$KSXT,20170704075626.39,117.25334460,31.71712440,25.7200,115.04,0.00,115.22,11.3,0.73,3,3,17,20,78.594,29.917,-15.122,10.339,-4.856,0.511,,,*15
$KSXT,20170704075626.60,117.25335050,31.71712200,25.7190,114.87,0.02,115.58,11.4,0.74,3,3,17,20,79.156,29.648,-15.123,10.134,-4.871,0.155,,,*12
$KSXT,20170704075626.79,117.25335640,31.71711950,25.7210,114.87,0.00,115.94,11.2,0.78,3,3,17,20,79.713,29.377,-15.121,9.997,-4.979,0.180,,,*62
$KSXT,20170704075627.00,117.25336220,31.71711720,25.7220,115.03,-0.03,115.39,11.2,0.74,3,3,17,20,80.263,29.116,-15.120,9.900,-4.777,0.094,,,*31
$KSXT,20170704075627.20,117.25336800,31.71711480,25.7160,115.05,0.01,115.34,11.0,0.73,3,3,17,20,80.812,28.856,-15.126,9.810,-4.658,-0.058,,,*27
$KSXT,20170704075627.39,117.25337360,31.71711250,25.7300,115.07,0.02,115.83,10.9,0.77,3,3,17,20,81.347,28.597,-15.112,9.641,-4.716,0.432,,,*63
$KSXT,20170704075627.60,117.25337930,31.71711020,25.7240,115.14,0.00,115.65,10.7,0.79,3,3,17,20,81.880,28.341,-15.118,9.544,-4.619,0.101,,,*62
$KSXT,20170704075627.79,117.25338480,31.71710790,25.7250,115.18,0.01,115.64,10.6,0.82,3,3,17,21,82.403,28.090,-15.117,9.475,-4.608,0.187,,,*51
$KSXT,20170704075628.00,117.25339030,31.71710570,25.7250,115.15,0.01,115.59,10.5,0.83,3,3,17,21,82.927,27.839,-15.117,9.436,-4.540,-0.122,,,*20
$KSXT,20170704075628.20,117.25339580,31.71710340,25.7170,115.36,0.00,115.49,10.5,0.82,3,3,17,21,83.445,27.592,-15.125,9.310,-4.352,-0.781,,,*22
$KSXT,20170704075628.39,117.25340120,31.71710120,25.7320,115.29,-0.01,116.07,10.3,0.85,3,3,17,21,83.960,27.340,-15.110,9.266,-4.550,0.068,,,*25
$KSXT,20170704075628.60,117.25340660,31.71709890,25.7350,115.39,-0.01,115.75,10.3,0.88,3,3,17,21,84.470,27.094,-15.107,9.194,-4.342,-0.054,,,*56
$KSXT,20170704075628.79,117.25341200,31.71709670,25.7440,115.14,0.08,116.16,10.2,0.90,3,3,17,21,84.979,26.844,-15.098,9.119,-4.550,0.346,,,*62
$KSXT,20170704075629.00,117.25341730,31.71709450,25.7350,115.50,0.09,115.60,10.2,0.88,3,3,17,21,85.484,26.602,-15.107,9.086,-4.367,-0.050,,,*21
$KSXT,20170704075629.20,117.25342260,31.71709230,25.7480,115.33,0.15,115.93,10.1,0.88,3,3,17,21,85.990,26.356,-15.094,9.086,-4.435,0.173,,,*52
$KSXT,20170704075629.39,117.25342790,31.71709010,25.7410,115.33,0.19,115.87,10.1,0.88,3,3,18,21,86.487,26.115,-15.101,8.906,-4.417,-0.169,,,*27
$KSXT,20170704075629.60,117.25343320,31.71708800,25.7390,115.17,0.23,115.64,9.9,0.85,3,3,18,21,86.987,25.875,-15.103,8.824,-4.208,-0.475,,,*33
$KSXT,20170704075629.79,117.25343840,31.71708580,25.7530,114.97,0.29,115.87,9.8,0.82,3,3,18,22,87.488,25.632,-15.089,9.144,-4.396,0.446,,,*11
$KSXT,20170704075630.00,117.25344370,31.71708370,25.7440,114.85,0.29,114.90,10.1,0.76,3,3,18,22,87.990,25.399,-15.098,9.000,-4.201,-0.241,,,*17
$KSXT,20170704075630.20,117.25344900,31.71708150,25.7650,114.15,0.28,115.14,9.9,0.83,3,3,18,22,88.493,25.163,-15.077,9.018,-4.406,0.493,,,*15
$KSXT,20170704075630.39,117.25345430,31.71707950,25.7590,113.38,0.30,114.09,10.0,0.87,3,3,18,22,88.994,24.939,-15.083,9.061,-4.129,-0.140,,,*28
$KSXT,20170704075630.60,117.25345970,31.71707760,25.7700,111.94,0.28,112.39,10.0,0.70,3,3,18,22,89.499,24.731,-15.072,9.000,-3.690,0.187,,,*59
$KSXT,20170704075630.79,117.25346510,31.71707590,25.7720,110.28,0.29,110.68,9.7,0.72,3,3,18,22,90.013,24.537,-15.070,9.288,-3.384,-0.040,,,*34
$KSXT,20170704075631.00,117.25347050,31.71707430,25.7720,108.29,0.26,109.27,9.7,0.80,3,3,18,22,90.528,24.357,-15.070,9.274,-3.312,0.119,,,*5
$KSXT,20170704075631.20,117.25347600,31.71707280,25.7790,106.16,0.17,106.97,9.8,0.81,3,3,18,22,91.049,24.198,-15.063,9.425,-2.794,0.216,,,*63
$KSXT,20170704075631.39,117.25348160,31.71707160,25.7830,103.70,0.09,104.49,9.8,0.85,3,3,18,22,91.579,24.061,-15.059,9.497,-2.430,0.047,,,*4
$KSXT,20170704075631.60,117.25348720,31.71707060,25.7770,101.31,0.06,101.85,9.8,0.94,3,3,18,22,92.113,23.949,-15.065,9.648,-1.915,0.050,,,*51
$KSXT,20170704075631.79,117.25349290,31.71706970,25.7880,98.65,-0.04,99.89,9.8,1.10,3,3,18,22,92.652,23.855,-15.054,9.702,-1.634,0.169,,,*39
$KSXT,20170704075632.00,117.25349860,31.71706920,25.7890,95.70,-0.05,96.75,9.8,1.13,3,3,18,22,93.193,23.791,-15.053,9.709,-1.037,0.054,,,*40
